1.0000 0.9424 0.9223 0.9410 0.9068 0.9607 0.9328 0.9414
0.9424 1.0000 0.9473 0.9719 0.9169 0.9352 0.9279 0.9587
0.9223 0.9473 1.0000 0.9555 0.9492 0.9297 0.9063 0.9632
0.9410 0.9719 0.9555 1.0000 0.9293 0.9363 0.9200 0.9627
0.9068 0.9169 0.9492 0.9293 1.0000 0.9241 0.8853 0.9353
0.9607 0.9352 0.9297 0.9363 0.9241 1.0000 0.9213 0.9440
0.9328 0.9279 0.9063 0.9200 0.8853 0.9213 1.0000 0.9289
0.9414 0.9587 0.9632 0.9627 0.9353 0.9440 0.9289 1.0000
